0010010010001000000001100001100011011011100001101000011000011100000001000001111001101100001110100011
0001101111011000001101010001100100011010011111000110111001111000011101111110111100111000111100000110
1000111010101101100110000001100100111010010111001001101010010110111011100110111110000010001101100110
0001011100000011001110010111000100110010000011101000001000011111011000011100111110000001100001110010
0010001100110111100110110001110110001100101010011010000110000101101011011100100001011100100010110100
0011111010011101011111111011101100010101101010100110101000110011011111001000110000011001111010111001
0010010110001001010100000111111100011100111011010110011111111111100110001110010001111110101011001111
1011110001000000110001010011011000000101110111110110100000010100101000001000110110010110110001110110
0011111101111101110000110001101011110011000101101001100011111110100010001111101010110010100001011000
0100100011011011110011010110100111100000010000011100101001100010011111000110110110110001110010010110
0011111111001010110011001001101101111111010110101100011000101111110111010101101010000100111001010110
1100010101111101011100011101001100101001100001011111001111011001011100111101001111010010011101110110
1000011111111100111001000001101000000100010111101010110110010011100011010011011101110001110011111100
1011100010100000011000011011001011110001010110010111010000011101101110111011010000010101001100110100
1001110101000101011100001111011001110100001001111001010001101010001100010011111101011100100011010111
1100010011111001111100000001101111011010111011010111011110100101000011111100011001111111100000100000
0101111110100011111000110000110011001001000001011101001110010001111110110000000100111010111100100000
0011110010100101110010101000101100111101001111110111101010011111010111000110111100010111011101101101
1101011100101100001100011111111000011011110011100011011110111011010111011101001101010111111110111010
0110011100010011100011011101010000110101011001000011011010110001101100101100010010100011101101011100
1101001101000000100010110110111100010110101001011001010101011111100111111101010001010001110101111011
0101000111100110111001011111000011010110010001111001101011001110001001101101101001011001111011010101
1000110100011001011000100100111110100000100111000110110001100000010001011101010010011000101010111000
1001111011010011100101001000001000010110001010010011100110110100111101111101011101100110011101011000
0111111110110111100101000010101110111001111011110100110000101011001111000100101001111011000111100110
0001000010000010010101000110100110110000110110010100010010011111111011100111011000111010100010011110
1101110001101001110001100111011101111101110111010000011011000101011110000110111010001000110011111111
0101101000111100001011110010100111111001001101111010110110011111000010000111010100101100111011100101
1101001011100000011000111110101100101111010010100011111010000011000101000110101100111000101111111010
0111010001111010110110011110000110010110100111010010000001111110010111011101000011101000001001110110
1001100101111100011011110100110101001111001110100011111101111101010110111011001001111100101010111101
0001110101110111000110001101111000011010101001100011000110011111111101001110111011001011011001101011
0001111110100100100110101100001001101101110100000110100001010011101110101010010010001101110011110011
1010001111101110000011101000001110011101110100010111001001010011111000110111101011101110110001100010
1111000101110111010010001101001101000111111001011101111101110110010111101001010010010001011101110110
1111001110100011110000001111000101011001111110010111011110101111000000101001011001111110011011100110
1001101111100101111111000001010100100101000111101010001111000000010011000101000001001010001111001000
1010000111111000010010110001111110100001100110101000100001101001110001000110100101000111110001101010
0100101011010101111100111010001111000010000110101101011100111011100011110100100101111000110001111101
1010100110110011000110011101001101001110110110111111100001101111001110100011111100111011010101100010
1010100111101110111111100001110111010100101011000110110101001101110100101111011010000011001000101111
0100110011011111100111000011101101010011111010100011011101000011100011001111110100111111001110010011
0001111000100011000001111100001111111101010010101111101100001001111111100010100111011011110110000010
0010100111011111000010001111110101010011000100111100000101111011100111111010001010000111110001011011
0110100001011110001011111011110100101011011110101000100001110101000011110100011111010111010111010101
0000010011101100001111011011100000101001100111110001000100110100110011101111101110000011101001011101
1001101111010111010100101100101001111000110001111110101010011100100111100000101000001001111011110111
1111000001110100111110111101011011101111100011011011111110000100111010111101110001000010000111011110
1110100010001011101001111000110011100000101101011101011110111110000011010001000101010110000011101111
1100000001000101011111010001011011110011101100111111000001010001101101111001001010011001010111110111
1010011110110100010001111101010000100111001001111000100100001001000110101101101000111010011110101000
0011011100100111110011101100111100000110010101001101000110100100001011001011010011110101001011000101
1110001111101111010011110011101100111110101111011110001100001100110001001010101100110001100011011110
1101100110111110101101100111100001111100010001000010101010010101100011011101010001100011111111001101
0111100001110011101101001000010001011101101001011101010001011001011110101101100111010011101010000100
0100111100011000100110011110000111100110111101111100001001001100000001000000100011100000111010011101
1111001001001111100111001110101001101110000101011011111001011000100100011101001111001110000000000101
0010000101010110111111010100101100011111010110011111010010110110101101111110110011000010001100111111
0011100101011000110000010110111000000111101111100100100111101010110110001111101111100001001001100000
0010000001001111100111011101110011111011100101001011100000001011101100101111101010010001011011011110
1011101010010110101101010100011100000001011111110110100111011010001101001010011111000100111011010110
1110001001001111000000010111011011111101101010110101001010001100111110100100011111010100101101100000
1110001101001001001011101111001101011110011101100111101110110110010110011100101101100000011010110001
1110001100010111011011100100101111010101111111101101000110011010111110001000000011101000011001110011
1111011011101100111100111011010111000010001110000100100011101000100111110011101011111101110110000100
0001010000111001010001000110110111110011101100111111001111010101111000010011110010101101010100110001
0010110000100111100110100101110111101001111001110111011100111110111101000000001000110000000111001111
1011110001001110101100111010111000111001011010100010101111110010110111101011011100001001110101000001
1001000001000010001001001000111010011101101001100100111110000110010010101101011100000111111000100111
1101100100011110000110001001100001011101010010110010011110111101011110000110111001010110001111110000
0100111100001101101110000100100010111001011000110110111010111000111010010100011100011001111011110101
1111101110110111110000011000011110011011110101101110000100111010010110101000010010110011111000110100
1001010001001101011100110001100011101101111111010111000000000100011000010101011111110111011010011110
1010100000001110010111111100111011001111011011100011010100001110011100001000111000000101010000111110
1111101101001011011001110101011011001010100111101110111111111101111101010110110010101111010000111110
0111011110010011111101111000100111010111011000000011110111110110001011000010001110000011000001010100
0100101110111110100101100001000101000011001000101011101011101011000010111000001011010011111101010101
0101100111001001010000110100010001111110100111101001111010010110010101100111100001000111100010011101
0101010101000011111001101111110100100010111110000010101001001111100111011110010011111001110110011111
0011011100011010010011111101100000111110101101101011101001001100001010001111100001001111101010110001
1010101110000101110100001010010111010111101111101110011110001001000001011000100001111100110011111101
0100010111110000010111001001111101011011110010101111011110110010001001111110000010011111000011001001
0100100000000001000010101000001011010111110000010101001100101001001111000011011110111101100111110100
0000100111001011111011100111001010100111110110100111100100000111100100001000011110010000101110101001
1010001011101001111100100010111110011011100001001110110101111001000100101100111010111101010100001100
1111000110001111110111011011110100111101011100111010000111111001001111010111011010011011111110011011
1000010011101011110110010101110101011011110111110111110101111011001010111101011011111001101110111100
1110001101000010110101111101111110001010000001111101011010011110101100011110010110111010100011101001
0110110010101111100110110011110000100001011110110010100111100100010111000100000001001010101001110100
1111011011001010111010000101011101011000010001100101001111100100010111101000010101011010011001000011
1000110100011111101011111010111011100011100111111011101010111000011111010010110100100111101111100111
0100001111110010011111100110111000010011111011101001101011101001000110001011001110100000111100111001
1111001001111000000111010010000101011001111101010111101000010000100001111101111110100001011111001101
1001111000101000001000001111001111100111000001101100101010111101111111110100001011101111000101100011
0101000111110100101001101110000100111100001001110101101111001111100100011010000111111001011111001010
1011011100101101100111110000101111110011011001111011101010110110100111010101100000110111111010000101
1101111101010110111010000101101000111101100010000101111011000011110111100111101110011101010100111110
1111011001111110000001001010110100001000001110001101011100001110100010100001011000011010100111101010
0000101011101001111101100010111101010000010010101010101110010111010000100101011101100111111010111110
1011111000000101000010011110000100111101111011001111101110001100110011111011101011111010010011101110
1001111000000110010111011111001101000111111011110000101011011010000100001111101000010111011000011101
1010110111000001001011100110111010010111011010001101011010000110110001111111000000111110111101000111
1101110001101100011111100101111100001000000100111100010000010111101101111100110100011110110010010000
0001100111100101010110011101100001000110110110110011100001111101000010010110101111001011101111101101
0001110001001101010000000110101010011100100010110101111110010111111100110100011110001101011010101111
1000110011111011111001110011010111101100010111000010010110110001001011111111101110001010110100110010
0001101001101001111101101010110101101000111011000101111100001001111100110100011111100100011011000111
1110010111110111110000001111001111011101011000011101011001110010001011010111100011000010111101101111
1001101000111101000011000110101110000111001000000001100101010110000011111011010011110000100101110100
0100101111111100001011101110001010110001110010000111000111111001011111110011010001111000110110111110
0001100111000010110111001000111111011010011110110101000010111100110100010000110101011101101100101010
1111101000110100011010001110110100001111000000111110111101000111110111000110100001111110010111111101
0010010110100001111010001001010110001110010000111000111110011110000001100101111100011000110111111100
1011111100101111011111111011010011110100011100000100011110110110011011001110100011110111011010100001
1110110000000010101101001111110100111010011110110000110011101000010111010110111101100111101001000111
1010011001110010010111111101001101100001111100110100011110101100111001000101101011111100101111110110
1101010010000011111011101101101001111011110100011111010110000101000001010101110011010111110001001111
1011110100011111101001100110100001010110111111001010101100111101110111111010110101011000010000001000
1110010001101111001110000111111001101000111101100001110000100001101111000010110011100100010110101111
1011010011111000110010100110101000111101110101101111101100000010110011101110100011001000110110001000
1010100011010011111110110001011010100000011110001010000001011111100001000010010101101000111000110101
1110111110111001000011110110100111111001101000111110101001001101000000010111010101001000111101111001
1010001001110010011101111000110000111101100100100010111010110101110000101011100111010001100101111011
1111101011011110011111011011000000100011111010110101110010010111111111001101000100000011111001000111
1100001011111001010101101111001101000101100001000110010010101101001111100010101111001010111101110101
1111011000111110001100000010010110010111101111111000010101100111001010000011110101110000111110011100
0110101010001111101010111001010100111000010010101111000110010100001101110001101001000001100000101101
1100110100000001001111100100011110101101111001111000010111100101010110011110100001010111100111100011
1101000000110100110010101010110010101101001101010011101000000111010101000010011110100001101010101111
1010101111011010011111100110101000110011111001101000111111011000001101001000010111110110001001010100
0101010111110010111111010000011111011010000111101101001010011110001110000110001101111111000011001011
1110100011001011110111111101101011010001111101000000111101011101101101100001011011001110100011001011
1101111111110101000010100100111110001110000101011011100011111000010011100001010000010110100101101010
0111110010100011111001101000111101101000110010011011011011100000011100101011000001100001111110010111
1110100011010110001100101100010001000111110000001111110110000111011010000111110101001111010000101000
0010010110110100010000001111010011100101111011111111010011001111011000110011100110100010000111000000
1000111001110110101000001111100000010000110101110100011011010010111110011100010011111100101101111011
1010111011000100001001010101000111110111011011001001011111111100110100011111011110000110110000001010
1111001000111110110000001000011011000010111011111010100100011110101010011100100101001001000101100001
1101010011011110111000010011011001101011000001101110011101010101111010001111010100110101001000001111
0111001001011001010010011110100001011100000010111001101001111110011101110110010111101111111010101010
0110110010010110110111001111110010101110100110101000000110100111111001101000111100010101011011101100
1011100011001001101001100100111101000010111101011011100001110110100011001001101001101111101110110110
0100101111111110011010001111101000100001001101001110101100111010111000000111111101001000111010010011
1011100011100100101010001111001110110001000010110100100011011100111101100010110000111000001110111110
0111110011010001000000111110010001111000110101101100011100110101001011010110111111001101010001100111
1011101101111101101101110100110011101001000000111111110010101111101100001111111011110001101010111100
1111001111011101110101010111010011001000011001011111101001101111100110100011110111011000000011011011
1110011010000000101001101010100111101011111011101110101001010101101011101111001100001011010011110010
1101100101011111001101000111110111111000011111000010100011111010000101110001100111010101001100100101
0100011011100111101111000011011111001101100111110111110000101001010001010001001111010000101111011011
0001001011010010110101101111101011010100001110000100110110111011110000010110101011111111011111011111
0000101000111101110100111111010011011101001100111011010101100111101100100111110110111011110010111111
0000011111110100001011101110100001010011010111000010110111011111110101000100101010010010110101111011
0001011000101111001100001001100001110011111011101001110110101011001110100001001000110111111001010111
0100011111001001010000010000111111101011011100001111100110101001000001001100111000101010000011100010
0000001001010111010110110111101100010000011101011000010010110000110110010110101110111000100000101011
0110111110011010001111010101101111011111111101000010111101100010011100110000100000110001000100011110
1110110010111111101001111100000000101011101101111100010101100011111101101101110100110011100100010100
0100001110101010100110010111101110101011001111010110111000011101001100000011011110111010111010001001
1111010011011111001101000111111010100110111011010111101111110001011101100011111010000101110101110011
0111001101001110001011011101110110100001111000010010100010101001101111110001100101100011011011111000
1111111001111110110110111010011001110110101011001110111100011000110100101111111010110111000011101010
0000001011111001001000111000111110111110000101011000010100110011111001010111100000011011100010110001
0000011111000011111001011011001010111101111111010010110010010010101001111000111100011111001101010001
0010110010100011011011111101100001101110011110010110111011101101000011101111011100111100101101110101
1100111111011011011101001100111000010010100001111110010101111100110100011111101100111000111000010100
1100100101010111110100011001101110110101100010011110101101111111101100010011100100101101011101111011
1111101000011101001001010100111100011111101111010000001010001111010111100111001101011101001010110111
1000111100010101000000101000110110111111011000101100010110010011010001111110110011100001000001001100
0110101101110100111011000110000111111011010011000110011100011101100101000011111110000111010100101011
1101011111010011101001110010110101110110111100011101110010101011111001101000111110110110001101110000
0101011101011101011011011011000010011010011100000111111110110000100100110011101101010110011110001001
0111010101110001101001111100101011101111110101010010100110000000001101001100111101011011111101111000
1100011111000011101010011100001111000100001101000010010001001101100101111101111010110111110000001110
1101000001111010000011111010000111101111110000111010100111000011111011000110111010110011010001110110
1001011010011101110100111001000101110010101000101100101000101011111101100010000011111001101000110010
0001110001000000001010000101100101000111111010001000000111111001010010110111100000101101011111101001
1100010110011110101010101101100011111100101011100000010111100011001101111101100111111001101001111100
1111100110100011001000011101011001010011001001011010000011110010100111110010010010101111100010000110
1111000011001110011010111101000010000011101011001000111001001011010000010110111111011010001101000110
0000111110100111010011100111101010101011011000111111001010111000000101111000110011011111011001111110
0110100111110011111001101000110010000111110111000000100101011101011011011110010001111100101100011011
1110111110000001001010100111101100110001100001111101100110100100001100101111111001010111101001000000
0111110111000000100101011101011011010110111111011110011001111010100111011001101010110011110000001111
0001101111111110111100011010011000110110111111011000101100010110010101100101111101110001111100000001
1111000000111100011011111110110111111100001001111110110010000001110011111011001111011111100111111001
1010001111010010100010010101110111000111111001101001111100111100001001111000111010011110001100011110
1111000110000101111000000001111110110011100000101011010111011111010001011101011101111011101001100000
1111010100111011001101010110011111000100000000110111101101001110101010111111101111011110110110011010
0010000001111011100000011111100110101010000100111110000111010101011101110000001111011100011011111110
0101101011101111100110100011110101100101001111010110000100100011111010110111111010101001010011110011
0001111000010011011101101011000001101101111111011001001101001100111010001011011110000110011000110001
1110100111010010001111011010001111000101111100100100011101111001001010111011011011110000111111101101
1011011110000001000111101010011101101110110001100000100100001111011010001111000101111100100100011101
1110010010101111101110001111100011010011010110111101110001111110011010001111101100100011011010000101
0111100100011111100110100011111000001100101010110010011101101111010110111111110011010001111000100110
0100101111100101110001101011110110101000100111111010101000000000101000000100111101011011111110111111
0101000110010101000111110110100000000101100011110001100111000001111011110111101100010110001011001100
0111101010011101101110110001100000100100001111011100001111000101111100100100011101111001001010111110
1110100111100011010011010110111101110100111101000010000011110111001010010111001001010010111011111110
1000101111000011000111111100000100111001101011111001101000111111011101111100100110110100010001111101
0110111111110000000111100001100110001101110111110101001110110011010101100111101101011110010110111100
0110100101110110110010110101101111100101101111100110100011111101101010110000110001010011110101101111
1111001101000111111010100110111011010100000011100011101001110111011001011111110011010001111110101010
1100001100010100111101011010111111001101100111101010100111001001001010010110101111000011100001110110
1100001111010100111011001101010110011110110110011110100011111001001010011010110010010101111101110100
1111000110100110101110111011101001111100110110011111000011000110111000001010101111001001001111011011
0111010010010101011111010010101011011100110001100111000001111111001010011111010100001010110100111011
1111010011011001111000110001001000011110111011010001110011001010111110010101110111111100010111000010
1110001000011110100110001101101011110110011011001101101110001111010100111011011101100011000011001000
0111101111000111101000111110010010100000101001001010111110111010011110001101001101011101110111010011
1101011011100001110101011010100110001010110000001011011101110000001111010011000000100110111111011111
0010101111110100001011111001101000110010000111010000110001000101101010101010010111110111011001011111
0000101011011001101100001010111111010000101111100110100011001000011101011100110111001101001110000011
1111110110000011111101001001101110011001001110100110001111100100101101011101111000010010000101010000
0111100000110101001110000111110100110100010001111011010100001011111110110011011001000110010011110101
0011101100110101011001111101100001111010001111100100101000001010010010101111101110100111100011010011
0101110111011101001110111111101100010011011100000101011110010110111100001001100001001101100101000100
1001010001001001110110111011011001111010100111011001101010110011110000111010110000111101110110010111
1101111111011000100110111000001010111100101101111011000100110000011110110000101100010110011010000000
0110111111011000011000110010011000011001010011111010001111110100111010011101101010110011010100101101
0111011100010101000001111000001101010010101011010111110010101111000011101011000011011010111101100110
1100110110110101010110110111011010101111000000011110111000000111101101010110011101000111110010010100
0001010010010101111101110110010111111000000011111000001001100011000111101101010110011111011000011110
1000111110010010100000101001001010111111101110110110010011000111110110001111011101001100100101010001
1110000101010001100010100111010111010100000011011110001100100011010011111000010111110000100000100111
0111011001011111000010011011101101011000011010110111010001100010100010011110001100100011010011110111
1111011101001101111110101100000111111010011000000001011110111010110101111011001101100110110000011101
1110111011101101010110011111011101101011111001011001011000101101111000111111001101001111100111010010
1010111100111110100001011100011110101101111111101001111000001001111010101010101111001111110100010000
0011111010110111110011110100001011100011110101101110000111110000001001011110001010011101110110010111
1111000000100111011001101111000101111100100110100110010010110101111011000010010101011110011111010000
1011100011110101101111111101001111000001001111000111010101111001111000100000001010011010111000100000
1010101111111011001110000000010101000011111011000110111100110001111000110011000110001010010110101111
0110111010101010111100111110100001011100011110101101111111101001111000001001111010101010101111001111
0001000001010110110111011100000010111010011110000011010001000000111100011110101101110000111100001010
1110111001010011001110001010100000111000100000001001010111010110110111100010010001011001110001111010
1101111111011110011111001100001000000101011111101111001010111101001100101000001101100100111101000010
1111011110001000001000010001111011111001001101001100100111011101100101111101001100011110111010111000
1000000101011111101111101010111111001101000111110000010010110010110100111101000010111101111010101000
1100100011001111110110100001101111100011110001100111000101011011010111101100110110011000010001001101
0110111111110100111100001100111111011010010010110111110011010001111101100000111000010000011101100100
1111010000101110001100000010111110010011011000001111010011011100010000100010000100101101011101011011
1111000010110010100110110010010110110111001111110010101111000001010000001010011111000001001110011010
1111100110100011110001001111001110011010111110011010011111001111101110110001011100000110001010111110
1001101110001100011001000010010110101110111100101001110000001010110011011111101100110010011011000001
1011011111101100110110011000000001001101011111011010111000100001101111110010101111000000001011001010
0010010010100010010011101100110110010011011001011110111010101111101101011100010010100111111001010111
1000000101000101111101101011110111101111011001011110111010101111101101011100010010100111111001010111
1000010000101011011111001101011110110101000011100001010100011001011001111111011101010111110110101110
0010010100111111001010111010100011100011010000010111010010111101101001111011101010111110110101110001
1010100111111001010111010100011101101011011110010100100101110110011110110111111110010101011111011010
1110001101010011111011101011110111101000111101001000111011111001101001110111011001011111110010110100
0110111011101001001111010000101111010110111000011111001110100101100100000110111000111001101110010010
1001100011111101010010110101010000010010110110010111101111010011110111110100101011001100111010101010
0000111101111010100101001110100100110111101110111110010011010011011100011011101101110111011001011111
0111001001011111000111111011010011110001111010011101101011100010101110110101111011001110000111000110
0110001101111111011101001110110101010111111000000111100011000110101000001111001011011110111101000111
1101100001111000110001001010101111101000010111010110010100110110001111001110111011010111100000100111
0100011101010111110111010111010101101000001111101110100101101110101011011011111110111101010111100010
1101110010010110010110100010100011111001101001111100111001101100000101101111100110101010000011011101
1010111100001001111000100111000110011111100110100011110101110010001000010100100011000011000111001001
0010100111101000010111110010100101101110110011110111010101101111110010101011111010110111101110101000
0110110101111000001001110100110010011000110001111110100111101100000111101111110110111011001011110111
1101101011110000010111001111001010011101111110110100000010111101111111011010010011101100100010110011
1100001010101011000010110111110010101111110011010001111011000110101111001000010010001101110101111011
0100000010111101111101101011110110011100001100001111111110100111110000000111101111110110100000011000
1100111111011110101000101111110100101001111011011000011001111101111010100101001110101100010111001101
0010111101110010010111101111111000010010100001111110111110110011110000101011011110111110011100000001
1111010110111101111110111101000111110110000110111001111101111001100001011001010110111011110100001011
1100110110100111000110000001001011011100011111011101111001111110101010011110110111110111101000101000
0111110110000110111101111010010011111001010111110110100111101000010111100010011101000101001101100010
0101101001010111001111100110101000110011110000111101111111101111001010111110000000001111000110000001
1000110000101101111001011101001111011110000111110110111111011001101100110111001011111010100010110000
0111110001110110100000011000110011111101111010100010111111010010100111101101100001100111110100101111
1011110100011110000001011011111101010010111101111010011110100001011101110111010001101000001011011001
1000111110011010001111010010100101010011110100001011100010101000001011110010000111010001111100010110
0000101001111000010101101111101111010001111010010100101010011110100001111100011101000001100110010000
1110100011111001110000000111110100111000101001000001001110111001000011110111111111011010011111001110
1101011110011111011101011101001000101111101101101001110001011111011101010110100111001101000100001111
0011100111110011010001111110010011101101011110011111010000111111101101000010101100110100010000110101
0101010011011011101111101100010110000110000011111010100110110000011111001111011010000001100110111111
1110011010100111001111010010100111101101100101100111100110110000010101111110011010001111010011001001
1100001111101000011111011000010110111010001000111010001000111110110011011001000101100011111001111010
0110010011100001111010001110100101111110000100001000010110110011101110110001100110101111100110100011
1111010001100111001111010000111111010110110011011000000001010001001000101001011011011111101110110000
1111011111111101101001111110000001001010101000001110100000101111001011011111000010111001010111100101
0111110101001010010000100111101000011111000110000001001011011010101111111100101010110111101110011111
0111010011001000000100011011011111101101010110100110000011111010100110110100011111001111011010000001
1001101111111110011010100111001111011110110011110001110101101110000111011111000110011000111100111100
0101101010000111101101000000101011110111011000011110111111110100101001111011011001011001111011110111
1011010001111011101011111001111010110011100100010100101111011101110100010000001111110011010001011001
1110111011000011110111111101011010110011111011010011111011101001101110110110110000101101111110110101
1001111110011010001111000101010100011010000011110100001111111001101000101110000111010011011011011101
0111101100011011111001110110001000001111100110100011110001010100101110000101011100111101000011111110
0110100010111000011100010110101001000010010001011000010000101101011110110101011010110110101111110101
0011011010001111100111101101000000110011011111111100101001101100110000010110101111011100101110111011
0101111110101001101101100111110011110110100000011001101111111110011010100111001111010010100111101101
1001100000111011011010100001010111101110101111011001011100011001011000100110111110011011011111110000
1011111001101011101111100010011110111000111000100111101011011101001110000100100010011101001100010010
1101111111000010111110011010111011111000100111101100101010111000010000010110100000111110101001101110
1100001011011001111101010000100111011111000110110001001110110100001000110110011011001000010110110011
1011101100011001101011111001101000111101110110100000011010100111101000011111100001011100001000011011
0010100100100011001000101001011111001010101101111010111011101111011111000000111000000101001110010001
0100101011001000000000111011111110011010100111001111010010100111101101100101110011100001000101100110
1011001110110110100111010101111100001011110110010110111110010110001001101111100111101111100011001100
0111100111101100001111100100010110110111110110001010011100010011110010101011011110110000111110010001
0110110111111011001000000001111010011101110110000111101111111011000001111100101100001111001111110010
1011110110110110101000010111111010100101010110101001110111011000110011010111011111000110011000111100
1111011101110100111110000111101100010101000000100111100101010110111110000111010011111000011111011000
1110000100010100111100001001110100011101001100001000001001111000010101101111011000000010101100110100
0100000100101101011110110111011011110110101111110101001101110100111110011110110100000011001101111111
1100101001101100110000010110101111011100101110011011010111111010100110111000011111001111011010000001
1001101111111110011010100111001111010010100111101101100110000011100110111000010000100000111101110110
0110001100010011000001110100110101001100011000111101100000111100111011010011100110001110000101101101
1011111110010101011011110011011101001000010000011111010011110001100011111001010101101111001110110000
1000010000011110111110101101100101110010010111010111101001101010011000110001111011000001111101111100
1011010011111000110101000011011011111111001101000111100001010110110101100110101111011101100011001000
0000101001111000010111100011001111101100000111110111110000110100111110111011001110000111010101001111
0000101011011111100110100011110000000001010101011011011001011011111011101100111000000100010100111100
1010111100111001111101100000111110111110000110100111101001100000010000111101100110101100111100001010
1101111110011010001111101100100111010000010010011110100000111111001101000111101100101101101000010110
1111010011010100010011100111110110000011110001001101110100110001001100101101111100001010110111110001
0011100111110000110011001010011011111010011011100010110110001110100001001111011110111111011101010011
0001101111011001000110011101111011100101110011010110111101101110100111011101001111010110100000111111
0111010110101000110011101111101011011110110111010011101110100111101111011001111000011000011110111101
1111110011011100011001110110010011110010101111011010110111100110101011101100010000000011010111111110
0101011111001101100111111010110110101011010011001101111110010101111100110111001110111011001111011111
0011011111110011011011101001110000110000111110011011111100101001111100101011110110101101110110000011
1110000110001011000111111001010111110110011001011111010110100110011110100000111111001101100111110111
1101011010001011100100001110101111101000011111011010010100110101010000111000011110001110100110010100
1010011111010000111111101110101101010001100111011110111001011100011001111011111001101111111001101101
1101001110001110000111110011011111100101001111100101011110110101101110110000011111000011000101100011
1111001010111110000001000010101000001110100000101110111110011011001111100111101100001011001101011001
1101011001101110110101110100000101010000001101010011110100001111110101101000000111010110001100011110
1001011110111010111001010111100011101100000110001101001100011100011110100101101110100100100101110110
1010110111010010110010011110100001111101100000001010110011011001000011011101010100110110011101111011
1001011100100111100011111001101111111001101101110100111000111000011111001101111110010100111110010101
1110110101101110110000011111000011000101100011111100101011110010110101110011010111001100101010011011
1111001101111110000100111111111100101011111010100000100010010011111001010100110001110011011001000010
0111111111100101011101001100000111010010011010110010011001111110010101011000011100110110010001101101
1111111001010111101100101011111001010111101111001100001111001111111001010101100001110011011001000110
1111011111100101011100000100110111101110011001111110100110101011100001101000011110000100010010010110
1101010111011111001010101100001110011011001000110111111111110101110101101010010101110101101100111110
0110111000110011110010100111110010101111001110011111011001001111000010001001001111101001010011110110
1100010010010110101111011110101111001100010011011011101001111001010111100111001111101100100111111001
1011001111011011000100100111100101110110010011111100010011100111111010000011111011110010010100110110
1111011010010111110101110110111101100110100010010101111100101011110110101101110110010011111000011001
1011000111111001010111111100111111111001100010010101111100110110001011111100101001011101111100001010
1110101100110000110001001111000110001100100001101011010110100010111001110110010000110101110011100011
1010000101011100100110011011111111111101011000010010010111111111110000101101000010101101001010111001
0010110011101100111111110111001001001101011011110100000111111001101100100111110111101111111110011111
1111001101001110000110001111010000101011010010010111011111111101111111110111010010011111100110001100
1101111111110100101110110101110100110100000101111011010000011011011111010000011111100110110101110110
0001000101111011010011000000111101110011000011100101110001000000011101101010000101011100011000010101
0111011101010011110100000100100111101110101011010000111100100001110011001001110110101000010101111011
0010110011100011000001001001101101010111011100000111001110011001100011111000001000010110011100111101
1110101111001100110000110110111101110001111101100110110111001000000111110101100011101110010111110010
1011101100001011110001111001100000010100011001110011100011000111101000110000010111110011011011100101
1110111011010000101100111011000010110101101010111001011111000001110100010100110011101100101101010111
1011001011001110000100010100100110110101011111110001011100111001111110000100011010101111111110011011
0101111101101111011010110110010100000000010111101000001111011001000101001011110110011101000001001000
1000101111000000001011011011100000101001100111101110110010101100111000110000010010011011010101111111
0000011100111001111110000100011010101111111110011011010111101111011110011111011110010010011110111110
1011010000111100100001110011001011110100000111101100100010100101111101110110000101000010000010100110
0111101110010111001100101101101010111110000100000100100110110101100111110000011100111100011110000100
0110101100111111011110110101111101101001111100011101110110100011011100111100011110110011011001110011
0101100011101101000111000010001011110100000111101100111010101000110011001010010010011110000101110011
1000011111000001111100100110010001100101010101011111000010000010010011011010110011111000010000011110
0011110000100011010110011111101111011010111001000111010100101011001110101110101011100000000000001001
1011111100100101011000101001010101101010001010100001000101111010000111110110011111010101001110100000
0111011011010110000011111001001100100011001100101010111110001100000100100110110101101001110000100000
1111000111100011000010101101001111011110110101111101011100100000110000001111101010101010110010001011
1001010011101000010001000101111010000111111100100011001111001110000001110100000001110000111110000111
1110010011001101100111111011100101011111001110101011111101000111001101100111110111101101111011000101
0111100110101011111000110000010010011011010110100000101011100001000001111000111100011000010101101001
1110010001101011101000110101111001001101110101100100011101101111000001111110100001111111001010110010
1010000011000110000111110000111100010000010011001010100101011111000110000010010011011010110100111000
0100000111100011110001100001010110100111010110000001000000110011111101110001001110011111011100110110
1111110100101010011010110111000100111001111110100001111110010011011100000100010100000100010100011001
1011001101000111011100110110111101011000000100000011001111110101101011001000111011011110000011001010
0001101010110000111100010000010010010010100110110111110010111011010001111110111101110000010111110110
1111101000110100001000110010000101111110010111011010001111110010101011110011010101111100011000001001
0011011010110100111000010000011110001000101111110010111011010001111110010101011110011010101111110001
0111110000100000111100011110001100001010110100111010110000001000000110011111011010001101011010101000
1110111110111001101101111010110000001000000110011111101101111101011001101010110001011111000110000101
0110101111010110000101000001001001110001101101111011010111011100110110111101011000010100000100100111
1100111000101110010000100111111001010101111001011000100111001111101100001011101110110001001101011110
1110101110001110100101001001101111110010110100111110111101101111011111011010111100100111100101110110
1000111110111100111001111110100010111111010000111101001101011001100100011111100111101110001001101101
0000010001100100111110110001001101111100110010010111110101010001111101110011011011111001011101110001
0110101111101010100011011001011101100110001000010010100101001010001111011100110110111111010001111010
0011101110001001101000010110010111110100011011000010101011010000110110111001110110001111011100110110
1111110100011000111101111011101010011100011001100010110010111100101100010011110001110110000101110111
0110001100001011110111010111011001111101010000011111110110111001101101000111101110011011011110010100
0001110011011110000011111101111011010111100101101000000110100101111010000111111011110110101111010110
0001101111001000010010000000100010111100100111110001001000111100100100110010010001000000010010111011
1101111111000011100101011100100011100011000001001011101111011111110000111001010111001110111000101101
1101101110011000101011100010111101010011011111001001011100011010101111001101101110110110011001000111
100101010111100000000101110001100000100101111000101111111000100000011011101011010100011011101000