lineWrapper 0.009949148795047534 0.0 0.009949148795047534
space 0.18140614636303337 0.009949148795047534 0.19135529515808092
! 1.1054609772275039E-4 0.19135529515808092 0.19146584125580368
" 0.001105460977227504 0.19146584125580368 0.19257130223303118
' 9.949148795047535E-4 0.19257130223303118 0.19356621711253594
, 0.006632765863365023 0.19356621711253594 0.20019898297590097
- 3.3163829316825116E-4 0.20019898297590097 0.20053062126906923
. 0.008843687817820032 0.20053062126906923 0.20937430908688925
; 1.1054609772275039E-4 0.20937430908688925 0.20948485518461202
? 1.1054609772275039E-4 0.20948485518461202 0.20959540128233478
A 0.001989829759009507 0.20959540128233478 0.2115852310413443
B 4.4218439089100157E-4 0.2115852310413443 0.2120274154322353
C 7.738226840592527E-4 0.2120274154322353 0.21280123811629456
D 1.1054609772275039E-4 0.21280123811629456 0.21291178421401732
E 1.1054609772275039E-4 0.21291178421401732 0.2130223303117401
F 2.2109219544550078E-4 0.2130223303117401 0.2132434225071856
G 9.949148795047535E-4 0.2132434225071856 0.21423833738669035
H 1.1054609772275039E-4 0.21423833738669035 0.2143488834844131
I 0.002542560247623259 0.2143488834844131 0.21689144373203637
J 1.1054609772275039E-4 0.21689144373203637 0.21700198982975913
L 0.001105460977227504 0.21700198982975913 0.21810745080698662
M 6.632765863365023E-4 0.21810745080698662 0.21877072739332312
N 0.0027636524430687598 0.21877072739332312 0.22153437983639188
O 3.3163829316825116E-4 0.22153437983639188 0.22186601812956014
P 4.4218439089100157E-4 0.22186601812956014 0.22230820252045114
R 1.1054609772275039E-4 0.22230820252045114 0.2224187486181739
S 8.843687817820031E-4 0.2224187486181739 0.2233031173999559
T 0.0015476453681185054 0.2233031173999559 0.2248507627680744
W 0.0018792836612867565 0.2248507627680744 0.22673004642936115
Y 3.3163829316825116E-4 0.22673004642936115 0.2270616847225294
a 0.05991598496573071 0.2270616847225294 0.2869776696882601
b 0.012270616847225293 0.2869776696882601 0.2992482865354854
c 0.019456113199204067 0.2992482865354854 0.31870439973468945
d 0.02863143931019235 0.31870439973468945 0.3473358390448818
e 0.09705947380057484 0.3473358390448818 0.44439531284545664
f 0.023767411010391332 0.44439531284545664 0.46816272385584795
g 0.017687375635640063 0.46816272385584795 0.485850099491488
h 0.041896971036922394 0.485850099491488 0.5277470705284104
i 0.05958434667256246 0.5277470705284104 0.5873314172009729
j 0.0021003758567322574 0.5873314172009729 0.5894317930577052
k 0.0055273048861375195 0.5894317930577052 0.5949590979438427
l 0.036038027857616624 0.5949590979438427 0.6309971258014594
m 0.02011938978554057 0.6309971258014594 0.651116515587
n 0.04963519787751492 0.651116515587 0.7007517134645149
o 0.06588547424275923 0.7007517134645149 0.7666371877072742
p 0.010059694892770286 0.7666371877072742 0.7766968826000444
q 6.632765863365023E-4 0.7766968826000444 0.7773601591863809
r 0.044771169577713904 0.7773601591863809 0.8221313287640948
s 0.04576608445721866 0.8221313287640948 0.8678974132213134
t 0.07284987839929251 0.8678974132213134 0.9407472916206059
u 0.019013928808313065 0.9407472916206059 0.959761220428919
v 0.008954233915542781 0.959761220428919 0.9687154543444617
w 0.016029184169798805 0.9687154543444617 0.9847446385142605
x 5.52730488613752E-4 0.9847446385142605 0.9852973690028742
y 0.01392880831306655 0.9852973690028742 0.9992261773159408
z 7.738226840592527E-4 0.9992261773159408 1.0
